white : 0.961646676064
black : 0.959885239601
photograph : 0.955379903316
black and white : 0.948091208935
monochrome photography : 0.904603242874
photography : 0.842474281788
snapshot : 0.817674517632
monochrome : 0.780025839806
darkness : 0.739869654179
night : 0.67594397068
