yellow : 0.936811804771
sign : 0.859730422497
sky : 0.831164062023
signage : 0.819384753704
tree : 0.707423150539
street sign : 0.689264833927
traffic sign : 0.670756995678
