yellow : 0.9370418787
sign : 0.850965797901
signage : 0.821974039078
sky : 0.801263272762
tree : 0.754073143005
street sign : 0.743168592453
traffic sign : 0.698095619678
font : 0.527779221535
