blue : 0.968113422394
yellow : 0.935395240784
sign : 0.861089110374
sky : 0.838108360767
signage : 0.80194246769
traffic sign : 0.749348163605
line : 0.728955745697
triangle : 0.604376912117
font : 0.59110724926
triangle : 0.581688702106
