yellow : 0.927491247654
sky : 0.905356824398
sign : 0.855552077293
signage : 0.796841979027
traffic sign : 0.759871304035
line : 0.715899169445
angle : 0.547581315041
street sign : 0.521291434765
triangle : 0.51369202137
font : 0.509240448475
