blue : 0.968096673489
sky : 0.89424353838
signage : 0.841893017292
traffic sign : 0.735694348812
stop sign : 0.646270215511
sign : 0.613872766495
road : 0.56506729126
street sign : 0.550982475281
font : 0.513783037663
flag : 0.509804308414
