sky : 0.877882957458
text : 0.85181671381
font : 0.711727797985
signage : 0.703159511089
computer wallpaper : 0.601369857788
graphics : 0.59470808506
logo : 0.588670551777
brand : 0.588348209858
flag : 0.569926857948
