mammal : 0.924118697643
vertebrate : 0.903703689575
fun : 0.658872246742
snout : 0.617697417736
play : 0.595945894718
flooring : 0.553129434586
floor : 0.521380841732
child : 0.503344535828
