black : 0.961428701878
black and white : 0.947523713112
text : 0.924631893635
monochrome photography : 0.906113922596
photography : 0.830456852913
font : 0.802272200584
monochrome : 0.796118319035
line : 0.747846186161
angle : 0.577883064747
pattern : 0.572043657303
