reflection : 0.959732651711
sky : 0.921634912491
daytime : 0.892812609673
light : 0.819974482059
atmosphere : 0.798702120781
grass : 0.795224547386
sunlight : 0.766102910042
water : 0.749158501625
tree : 0.695790350437
line : 0.684986412525
