landmark : 0.920190036297
sky : 0.907230973244
daytime : 0.89115446806
reflection : 0.881942689419
skyscraper : 0.865115106106
architecture : 0.812138974667
grass : 0.786162734032
cloud : 0.660440146923
tower : 0.625795185566
metropolis : 0.619013309479
