red : 0.952105224133
light : 0.864324450493
line : 0.684142529964
pattern : 0.678821742535
tartan : 0.664453268051
design : 0.648103296757
reflection : 0.626892626286
sky : 0.524961173534
computer wallpaper : 0.513742864132
