red : 0.97168380022
blue : 0.968207836151
light : 0.842980384827
reflection : 0.756003677845
display device : 0.681299865246
line : 0.676872611046
design : 0.668937683105
technology : 0.648919820786
pattern : 0.618167102337
window : 0.551780462265
