reflection : 0.97239780426
sky : 0.864380478859
light : 0.85618776083
sunlight : 0.792047023773
daytime : 0.752402544022
morning : 0.741340398788
water : 0.739995419979
line : 0.721437633038
symmetry : 0.721085190773
metropolis : 0.660182893276
