reflection : 0.97393655777
water : 0.955107212067
urban area : 0.9344830513
city : 0.781024575233
metropolis : 0.780553400517
structure : 0.773933112621
sky : 0.766893744469
daytime : 0.739064633846
skyscraper : 0.689258277416
tourist attraction : 0.679531276226
