tower : 0.956648766994
landmark : 0.943414926529
sky : 0.885558545589
spire : 0.843123793602
tourist attraction : 0.761438071728
steeple : 0.718809425831
tree : 0.627357006073
metropolis : 0.533893227577
building : 0.512318253517
