sky : 0.949716091156
tower : 0.93634802103
landmark : 0.929614067078
spire : 0.830485343933
skyscraper : 0.828992426395
atmosphere : 0.785135269165
atmosphere of earth : 0.782183289528
daytime : 0.780417561531
metropolis : 0.739999055862
evening : 0.660475850105
