donkey : 0.95655465126
horse : 0.939452528954
mammal : 0.923791587353
vertebrate : 0.903703629971
horse like mammal : 0.899718701839
pack animal : 0.845293879509
fauna : 0.828775465488
livestock : 0.801408708096
mane : 0.746165394783
mule : 0.684489309788
