fauna : 0.92800360918
mammal : 0.927029907703
vertebrate : 0.903703689575
rat : 0.855554163456
mouse : 0.827678740025
rodent : 0.758684158325
whiskers : 0.755163431168
muroidea : 0.745533585548
gerbil : 0.723445594311
snout : 0.720016479492
