black and white : 0.951182961464
landmark : 0.94632846117
tower : 0.941742300987
monochrome photography : 0.935693025589
sky : 0.918376743793
photography : 0.831937015057
monochrome : 0.790522456169
tree : 0.751996934414
spire : 0.724325835705
night : 0.69299775362
