mammal : 0.92590290308
vertebrate : 0.903703689575
mode of transport : 0.87525498867
text : 0.853588104248
eye : 0.78378868103
phenomenon : 0.754764914513
line : 0.708225429058
design : 0.655757308006
grass : 0.652058780193
material : 0.610201001167
