mammal : 0.925508797169
vertebrate : 0.903703689575
mode of transport : 0.875256478786
recreation : 0.792081952095
endurance sports : 0.70950949192
play : 0.706406235695
product : 0.692727804184
girl : 0.670644938946
child : 0.633189022541
grass : 0.59566962719
