text : 0.85365986824
line : 0.725939571857
font : 0.689314901829
design : 0.65172535181
angle : 0.606154620647
material : 0.604067623615
square : 0.566718041897
pattern : 0.554667294025
