face : 0.964958667755
mammal : 0.926638662815
vertebrate : 0.903703689575
nose : 0.894431769848
grass : 0.824316740036
fauna : 0.792994201183
close up : 0.780925452709
eye : 0.761694312096
mouth : 0.699127018452
plant stem : 0.546791672707
