brown : 0.894484639168
wood : 0.780233323574
line : 0.713668644428
font : 0.586982250214
angle : 0.565890967846
computer wallpaper : 0.535731256008
pattern : 0.509876012802
