skin : 0.931823015213
text : 0.855490803719
close up : 0.702097356319
wood : 0.699556469917
material : 0.693835318089
line : 0.691755890846
font : 0.626239478588
grass : 0.600131690502
flooring : 0.565061688423
pattern : 0.545593500137
