face : 0.966113209724
mammal : 0.92705976963
vertebrate : 0.903703689575
fauna : 0.902178823948
nose : 0.898781895638
whiskers : 0.872712135315
head : 0.859680891037
hamster : 0.827363967896
rat : 0.807377696037
gerbil : 0.766900718212
