blue : 0.968378007412
sky : 0.890134394169
atmosphere : 0.854274570942
computer wallpaper : 0.706962525845
line : 0.692197918892
angle : 0.557382941246
font : 0.52432847023
