blue : 0.968316972256
sky : 0.927201807499
phenomenon : 0.754764914513
close up : 0.733554720879
atmosphere : 0.722088158131
cloud : 0.54773324728
