green : 0.983499765396
grass : 0.952483534813
ecosystem : 0.904128193855
lawn : 0.884689390659
text : 0.877727985382
mode of transport : 0.87520045042
light : 0.821121990681
leaf : 0.760981559753
phenomenon : 0.754764914513
grass family : 0.745642840862
