wildlife : 0.987215995789
tiger : 0.975451409817
terrestrial animal : 0.960237681866
mammal : 0.927000045776
fauna : 0.905144631863
cat like mammal : 0.873015940189
big cats : 0.818347990513
whiskers : 0.763688027859
organism : 0.715027809143
grass : 0.692972004414
