wildlife : 0.947636544704
fauna : 0.940974652767
mammal : 0.927114546299
jaguar : 0.926371455193
cat like mammal : 0.920519411564
vertebrate : 0.903703689575
tiger : 0.888088047504
terrestrial animal : 0.884867608547
flora : 0.841372907162
big cats : 0.805989384651
