green : 0.973547756672
grass : 0.929471611977
ecosystem : 0.87528860569
plant : 0.79412227869
grass family : 0.770504236221
close up : 0.768649756908
flora : 0.766525924206
phenomenon : 0.754764914513
line : 0.687172055244
plant stem : 0.667948901653
