black : 0.961055219173
white : 0.958418726921
black and white : 0.948347210884
monochrome photography : 0.911032855511
photography : 0.850786209106
monochrome : 0.796088814735
phenomenon : 0.754764914513
line : 0.687415659428
font : 0.657335281372
angle : 0.572102189064
