water : 0.960017621517
reflection : 0.948468387127
tree : 0.872177958488
plant : 0.756343007088
