tree : 0.830955386162
water : 0.788451552391
plant : 0.714931488037
snout : 0.543652951717
recreation : 0.5192040205
fun : 0.504268109798
