black : 0.961844742298
white : 0.957590222359
black and white : 0.953967750072
monochrome photography : 0.935618638992
text : 0.877690196037
photography : 0.862300395966
monochrome : 0.802893102169
line : 0.761909246445
font : 0.756390571594
phenomenon : 0.754764914513
