black : 0.961020350456
white : 0.95903724432
black and white : 0.942871272564
text : 0.900896191597
monochrome photography : 0.871512949467
photography : 0.807300925255
monochrome : 0.788452148438
line : 0.753536462784
font : 0.740528047085
area : 0.672009587288
