black : 0.960845649242
white : 0.960528731346
black and white : 0.949823081493
monochrome photography : 0.919701457024
text : 0.863051712513
photography : 0.829716026783
monochrome : 0.798393785954
line : 0.740318953991
font : 0.692785143852
angle : 0.611227810383
