black : 0.961914002895
white : 0.959153711796
black and white : 0.953654646873
monochrome photography : 0.939810276031
atmosphere : 0.887485802174
text : 0.875495016575
darkness : 0.842398881912
photography : 0.839581370354
light : 0.827207386494
sky : 0.821509003639
