black : 0.960885465145
black and white : 0.954986095428
monochrome photography : 0.943932652473
darkness : 0.903132081032
sky : 0.893989503384
atmosphere : 0.892999649048
night : 0.865021705627
moon : 0.862963080406
photography : 0.853944838047
light : 0.819364964962
