yellow : 0.922052979469
orange : 0.829880833626
material : 0.668588995934
symmetry : 0.586271941662
triangle : 0.56745415926
square : 0.545204281807
window : 0.511143624783
