yellow : 0.905935704708
orange : 0.857860803604
light : 0.818902790546
lighting : 0.733310818672
symmetry : 0.664031505585
triangle : 0.635378360748
computer wallpaper : 0.524992763996
