yellow : 0.948456645012
sign : 0.907938063145
traffic sign : 0.9070135355
sky : 0.89180535078
signage : 0.887193083763
street sign : 0.793547332287
