sky : 0.961313188076
cloud : 0.934774875641
tree : 0.92088830471
grass : 0.776104986668
meteorological phenomenon : 0.66791754961
sunlight : 0.616967618465
branch : 0.615723848343
landscape : 0.612054824829
spring : 0.575766980648
grass family : 0.528738021851
