water : 0.936131536961
sky : 0.895156681538
reflection : 0.891635119915
tree : 0.792549431324
grass : 0.684122264385
biome : 0.675129771233
lake : 0.650697052479
river : 0.576025784016
pond : 0.534964084625
landscape : 0.509518563747
