car : 0.9644485116
street : 0.767382919788
vehicle : 0.761507868767
city : 0.663454651833
advertising : 0.624759078026
street art : 0.596786856651
flag : 0.579775452614
mural : 0.527080655098
graffiti : 0.521396398544
facade : 0.514499366283
