sky : 0.9583786726
tree : 0.957257807255
nature : 0.95103764534
tower : 0.947914719582
landmark : 0.938708007336
woody plant : 0.909427165985
leaf : 0.904254376888
spruce : 0.833220243454
spire : 0.801724672318
tourist attraction : 0.796895682812
