black : 0.961371421814
white : 0.960161983967
black and white : 0.950002789497
monochrome photography : 0.921450138092
photography : 0.822748482227
light : 0.822133779526
monochrome : 0.799651443958
atmosphere : 0.785343229771
line : 0.720557272434
font : 0.610731840134
