rat : 0.97422593832
gerbil : 0.963464558125
mouse : 0.960721135139
black : 0.950557053089
black and white : 0.947637557983
muridae : 0.940032958984
muroidea : 0.935291647911
fauna : 0.927180767059
mammal : 0.926528930664
whiskers : 0.914438724518
