rat : 0.973620176315
black : 0.958967745304
black and white : 0.954797148705
whiskers : 0.947353839874
monochrome photography : 0.930752456188
muridae : 0.927605509758
mammal : 0.926995158195
gerbil : 0.925099074841
muroidea : 0.916984319687
vertebrate : 0.903703689575
