mammal : 0.923404633999
street : 0.630357146263
snout : 0.613886237144
fur : 0.572679519653
road : 0.570056796074
recreation : 0.56037914753
