text : 0.88575142622
sky : 0.786681175232
line : 0.679711461067
biome : 0.67622834444
ecoregion : 0.668247044086
font : 0.662503480911
screenshot : 0.618556380272
angle : 0.58110755682
pattern : 0.520124971867
