waterfall : 0.968452095985
water : 0.961632490158
nature : 0.958216309547
body of water : 0.934535384178
vegetation : 0.86666226387
watercourse : 0.85451155901
nature reserve : 0.840334534645
tree : 0.835996806622
water feature : 0.819062769413
sky : 0.743952572346
