nature : 0.960821092129
black : 0.959740102291
tree : 0.957008838654
black and white : 0.955252885818
monochrome photography : 0.944815158844
forest : 0.923196315765
sky : 0.896922647953
woody plant : 0.893649697304
woodland : 0.875142812729
darkness : 0.871584177017
