tree : 0.967199444771
sky : 0.963443934917
black : 0.956439137459
black and white : 0.949669182301
nature : 0.946292996407
woody plant : 0.943910837173
monochrome photography : 0.926540851593
leaf : 0.849480807781
atmosphere : 0.845719397068
photography : 0.811955869198
