black : 0.949275076389
black and white : 0.940128922462
sky : 0.914547264576
tree : 0.895645201206
monochrome photography : 0.891526818275
woody plant : 0.889321744442
darkness : 0.84017932415
monochrome : 0.766324996948
night : 0.742646872997
line : 0.653806865215
