water : 0.83312946558
tree : 0.819224953651
sky : 0.674615085125
visual arts : 0.503024041653
