tower : 0.950231671333
sky : 0.947745740414
landmark : 0.945565402508
spire : 0.922556698322
steeple : 0.821825385094
tourist attraction : 0.768545031548
tree : 0.766788303852
building : 0.642371356487
monument : 0.504821300507
