yellow : 0.946278572083
green : 0.939233779907
light : 0.861962020397
close up : 0.782457947731
sunlight : 0.766195118427
reflection : 0.736734092236
line : 0.706140160561
macro photography : 0.638092398643
wood : 0.631323933601
grass : 0.538980841637
