donkey : 0.974042356014
horse like mammal : 0.898384213448
fauna : 0.791732370853
pack animal : 0.784542798996
livestock : 0.776375114918
zoo : 0.663851678371
snout : 0.574917733669
mustang horse : 0.531814694405
mane : 0.511985421181
stable : 0.505952596664
