tree : 0.956901788712
black : 0.955484271049
black and white : 0.944788753986
sky : 0.942161798477
nature : 0.941197931767
woody plant : 0.935532510281
monochrome photography : 0.905373036861
leaf : 0.838004827499
photography : 0.802942276001
architecture : 0.792878270149
