black : 0.951624751091
black and white : 0.940707623959
monochrome photography : 0.872867822647
water : 0.839805960655
sky : 0.829260230064
photography : 0.808325171471
reflection : 0.803831219673
monochrome : 0.76350581646
cloud : 0.730627536774
line : 0.671662271023
