sky : 0.957438528538
black : 0.956411063671
black and white : 0.949562728405
nature : 0.944397032261
monochrome photography : 0.929215013981
night : 0.880885183811
tree : 0.843063473701
atmosphere : 0.833228111267
darkness : 0.820439100266
photography : 0.815470159054
