brown : 0.875185549259
atmosphere : 0.764706194401
line : 0.683574736118
computer wallpaper : 0.617078840733
sky : 0.605750620365
angle : 0.575487196445
macro photography : 0.549046754837
texture : 0.529043793678
