black : 0.949412465096
atmosphere : 0.863220334053
close up : 0.858129501343
brown : 0.842360079288
light : 0.837886452675
macro photography : 0.818579733372
photography : 0.805076360703
atmosphere of earth : 0.802352964878
morning : 0.760104119778
sky : 0.748189985752
