blue : 0.968328297138
sky : 0.965879142284
black : 0.9557543993
photograph : 0.953533351421
ecosystem : 0.904827237129
mode of transport : 0.875256478786
close up : 0.866078019142
light : 0.860468327999
morning : 0.854377985001
atmosphere : 0.835067152977
