blue : 0.968379735947
green : 0.940354645252
sky : 0.896311700344
close up : 0.782422661781
line : 0.703191101551
water : 0.682993531227
computer wallpaper : 0.584442675114
grass : 0.581377029419
font : 0.527596056461
