landmark : 0.947042346001
sky : 0.876346409321
daytime : 0.870254278183
classical architecture : 0.864254415035
structure : 0.835714101791
architecture : 0.83419495821
building : 0.804832935333
column : 0.759317696095
campus : 0.757346570492
dome : 0.750295460224
