advertising : 0.909150719643
transport : 0.850257337093
structure : 0.828971505165
city : 0.76889538765
downtown : 0.71663236618
billboard : 0.638239622116
car : 0.633956193924
vehicle : 0.621849775314
signage : 0.613426923752
metropolitan area : 0.608255982399
