tower : 0.964654803276
landmark : 0.960626423359
sky : 0.957856476307
spire : 0.889298141003
tourist attraction : 0.867716491222
steeple : 0.834685206413
tree : 0.81560254097
building : 0.555784285069
pagoda : 0.541489303112
cloud : 0.517824292183
