green : 0.977822721004
text : 0.935694515705
font : 0.859680712223
logo : 0.845026373863
product : 0.784743487835
graphic design : 0.694991290569
brand : 0.668689489365
computer wallpaper : 0.625828027725
graphics : 0.625139057636
sign : 0.579653739929
