green : 0.979318320751
text : 0.928035914898
logo : 0.828825116158
font : 0.825082421303
signage : 0.767716825008
sign : 0.746637880802
brand : 0.65796226263
number : 0.637378633022
graphics : 0.615996539593
computer wallpaper : 0.588444590569
