yellow : 0.95098733902
orange : 0.906479477882
sign : 0.869447410107
traffic sign : 0.844882130623
signage : 0.841032683849
line : 0.704940021038
font : 0.623622536659
angle : 0.560443162918
