yellow : 0.954314053059
sign : 0.866849422455
orange : 0.859143674374
signage : 0.813022911549
traffic sign : 0.78160482645
line : 0.708610057831
font : 0.689419209957
angle : 0.557204306126
symbol : 0.545437633991
