donkey : 0.932155847549
horse like mammal : 0.898546695709
fauna : 0.89150416851
pack animal : 0.81259727478
horse : 0.772687852383
livestock : 0.760292053223
snout : 0.728694856167
mule : 0.563056588173
mane : 0.557549595833
