gerbil : 0.956690430641
mammal : 0.926689088345
fauna : 0.925101339817
mouse : 0.910572886467
muridae : 0.907650768757
rat : 0.88667011261
muroidea : 0.885012388229
rodent : 0.815020024776
whiskers : 0.780503332615
hamster : 0.65906047821
