grassland : 0.974741697311
sheep : 0.965397119522
pasture : 0.947940647602
grazing : 0.946408808231
sheep : 0.921991288662
ecosystem : 0.916927158833
grass : 0.889557242393
field : 0.839787423611
meadow : 0.822152495384
fauna : 0.795372903347
