grassland : 0.972756445408
sheep : 0.955279767513
pasture : 0.95356541872
grazing : 0.950732171535
sheep : 0.906063497066
field : 0.884809315205
grass : 0.879830956459
ecosystem : 0.87892729044
meadow : 0.849625408649
fauna : 0.79007089138
