tiger : 0.973576962948
wildlife : 0.95596241951
mammal : 0.926696777344
fauna : 0.91361862421
big cats : 0.817388892174
grass : 0.796280801296
cat like mammal : 0.760266780853
terrestrial animal : 0.721286177635
carnivoran : 0.717427492142
organism : 0.67822676897
