wildlife : 0.97369158268
tiger : 0.972647070885
mammal : 0.926373183727
fauna : 0.901367127895
terrestrial animal : 0.843380510807
grass : 0.835087180138
big cats : 0.815248847008
whiskers : 0.702393352985
organism : 0.690941095352
jungle : 0.665320277214
