skyscraper : 0.970748901367
metropolitan area : 0.959635734558
tower : 0.918305575848
building : 0.917317807674
landmark : 0.914913594723
daytime : 0.912415504456
metropolis : 0.91160428524
city : 0.882723271847
skyline : 0.853134632111
urban area : 0.849141776562
