reflection : 0.968913853168
landmark : 0.909688711166
sky : 0.8735871315
architecture : 0.860728919506
daytime : 0.818617522717
wall : 0.803680419922
urban area : 0.798699617386
symmetry : 0.791775405407
building : 0.752812147141
metropolis : 0.737453818321
