landmark : 0.926484942436
water : 0.880897939205
tourist attraction : 0.855763435364
tourism : 0.823620676994
leisure : 0.765674114227
crowd : 0.735332489014
fun : 0.693598985672
city : 0.653186380863
recreation : 0.623746156693
town square : 0.619563877583
