sky : 0.951964855194
reflection : 0.862084686756
atmosphere : 0.857006669044
light : 0.826038181782
atmosphere of earth : 0.805787026882
daytime : 0.760299265385
sunlight : 0.676548600197
line : 0.67146140337
metropolis : 0.651623010635
evening : 0.635531246662
