water : 0.970048844814
nature : 0.958098590374
black : 0.951944231987
black and white : 0.947981357574
monochrome photography : 0.919764816761
rock : 0.856060326099
waterfall : 0.848064005375
photography : 0.826611042023
sky : 0.803614616394
watercourse : 0.796425819397
