rat : 0.969682335854
black : 0.958500981331
black and white : 0.949267745018
mammal : 0.926605701447
muroidea : 0.915559351444
muridae : 0.915025174618
mouse : 0.910195529461
gerbil : 0.883394002914
monochrome photography : 0.882012009621
head : 0.85954195261
