black and white : 0.943944692612
monochrome photography : 0.897213876247
sheep : 0.879832863808
herd : 0.838664054871
sheep : 0.834868848324
tundra : 0.814810156822
monochrome : 0.78258472681
livestock : 0.741829514503
sky : 0.736671507359
pasture : 0.718019425869
