fauna : 0.936759352684
mammal : 0.925371110439
gerbil : 0.917255759239
whiskers : 0.905431568623
hamster : 0.874834358692
muroidea : 0.845097303391
rat : 0.781405568123
muridae : 0.772262692451
rodent : 0.745133697987
mouse : 0.742348790169
