grassland : 0.961290419102
pasture : 0.923629045486
grass : 0.864340007305
nature reserve : 0.855122327805
grazing : 0.795895457268
meadow : 0.789810657501
sheep : 0.728679835796
tundra : 0.707233011723
ecoregion : 0.672750711441
water resources : 0.653427779675
