yellow : 0.906491816044
line : 0.693119108677
symmetry : 0.666244804859
pattern : 0.568792104721
