yellow : 0.936772525311
line : 0.750168323517
sky : 0.608561336994
font : 0.583737790585
angle : 0.570595622063
