yellow : 0.924345493317
sky : 0.922528803349
signage : 0.881209135056
mode of transport : 0.875222742558
traffic sign : 0.865907549858
sign : 0.858693659306
street sign : 0.638178348541
energy : 0.541313886642
