sign : 0.91843354702
yellow : 0.91355907917
signage : 0.910078465939
traffic sign : 0.899808943272
mode of transport : 0.875235855579
sky : 0.819513440132
street sign : 0.796387016773
line : 0.687519848347
grass : 0.530605554581
