blue : 0.968396604061
red : 0.947763323784
sky : 0.841730415821
line : 0.723356425762
computer wallpaper : 0.627762436867
font : 0.596865952015
angle : 0.55152785778
graphics : 0.500773489475
