signage : 0.875332057476
mode of transport : 0.875248432159
tree : 0.859421491623
sign : 0.837749779224
traffic sign : 0.821918964386
area : 0.672009587288
grass : 0.56486260891
road : 0.559109210968
street sign : 0.538788616657
recreation : 0.528379023075
