ecosystem : 0.942459404469
yellow : 0.917197585106
vertebrate : 0.903703629971
mode of transport : 0.875254750252
tree : 0.783405840397
geological phenomenon : 0.715734124184
sky : 0.711602807045
grass : 0.702031433582
area : 0.672009587288
recreation : 0.631480574608
