yellow : 0.943053841591
mammal : 0.926331579685
vertebrate : 0.903703689575
mode of transport : 0.875226080418
sky : 0.8090518713
close up : 0.798108994961
phenomenon : 0.754764914513
sunlight : 0.65103417635
grass : 0.632117271423
beak : 0.585331082344
