green : 0.983134329319
red : 0.971077799797
text : 0.885882556438
atmosphere : 0.863840758801
light : 0.846930027008
close up : 0.817628443241
phenomenon : 0.754764914513
grass : 0.752427875996
line : 0.722144365311
font : 0.709857642651
