green : 0.981439650059
purple : 0.824921905994
atmosphere : 0.816255807877
phenomenon : 0.754764914513
computer wallpaper : 0.7014747262
line : 0.699807286263
font : 0.653510332108
grass : 0.625661492348
graphics : 0.53958940506
macro photography : 0.538226604462
