brown : 0.831272125244
line : 0.67962539196
computer wallpaper : 0.634250223637
angle : 0.567178487778
font : 0.515443205833
