flower : 0.93980884552
yellow : 0.937791764736
sky : 0.832421123981
close up : 0.817026555538
phenomenon : 0.754764914513
plant : 0.729219079018
petal : 0.661856234074
computer wallpaper : 0.610362827778
plant stem : 0.603886067867
flowering plant : 0.564638018608
