sky : 0.973548352718
mode of transport : 0.875255823135
daytime : 0.856917440891
phenomenon : 0.754764914513
signage : 0.752468585968
atmosphere : 0.748444259167
advertising : 0.657264232635
energy : 0.569734632969
cloud : 0.539712905884
panorama : 0.530285000801
