blue : 0.968207001686
sky : 0.919243097305
mode of transport : 0.875195324421
atmosphere : 0.798051953316
phenomenon : 0.754764914513
line : 0.657573461533
computer wallpaper : 0.57419937849
heat : 0.545089900494
graphics : 0.502196550369
