black : 0.95781904459
text : 0.927179515362
black and white : 0.873750805855
font : 0.846938788891
monochrome : 0.732453227043
computer wallpaper : 0.726513445377
logo : 0.704355537891
darkness : 0.701065897942
graphic design : 0.660556316376
graphics : 0.620555281639
