sky : 0.971718251705
reflection : 0.969765424728
nature : 0.956163346767
black : 0.949504554272
black and white : 0.94921284914
monochrome photography : 0.927981138229
water : 0.927395582199
cloud : 0.914113044739
atmosphere : 0.909906029701
tree : 0.901386201382
