white : 0.958458065987
nature : 0.957718014717
black : 0.955520272255
black and white : 0.949283838272
sky : 0.945413351059
monochrome photography : 0.9264767766
water : 0.914875745773
tree : 0.832392334938
photography : 0.832241237164
atmosphere : 0.805991530418
