tower : 0.961112618446
landmark : 0.951809287071
sky : 0.917695462704
tourist attraction : 0.862648010254
spire : 0.767437279224
tree : 0.759067475796
pagoda : 0.744417488575
steeple : 0.660669803619
