cat : 0.990980684757
black and white : 0.955216646194
whiskers : 0.94987308979
mammal : 0.92542642355
monochrome photography : 0.920477092266
small to medium sized cats : 0.920332551003
cat like mammal : 0.895674943924
fauna : 0.887292504311
wildlife : 0.865851283073
photography : 0.813918173313
