sky : 0.967783033848
black : 0.95638936758
nature : 0.953765153885
black and white : 0.949671506882
tree : 0.941186606884
woody plant : 0.925491809845
monochrome photography : 0.919270157814
leaf : 0.824435472488
photography : 0.824418842793
cloud : 0.789173841476
