text : 0.876951396465
font : 0.82781547308
logo : 0.792486965656
product : 0.736037135124
brand : 0.669417321682
signage : 0.605866372585
computer wallpaper : 0.599141895771
graphics : 0.58720856905
symbol : 0.549201130867
sign : 0.533846616745
