black : 0.952071607113
technology : 0.881837785244
black and white : 0.761246085167
font : 0.678674936295
line : 0.657424271107
angle : 0.595559239388
triangle : 0.569766521454
monochrome : 0.531324863434
rectangle : 0.524742901325
square : 0.506108522415
