tree : 0.973654985428
nature : 0.946968615055
woody plant : 0.931362748146
woodland : 0.929927170277
forest : 0.924355268478
ecosystem : 0.902074456215
grove : 0.897544026375
wilderness : 0.875586867332
vegetation : 0.872499406338
spruce fir forest : 0.824279308319
