sky : 0.930321514606
geological phenomenon : 0.723326802254
atmosphere : 0.712400972843
biome : 0.672382593155
terrain : 0.635172605515
earth : 0.609044849873
computer wallpaper : 0.575347423553
tree : 0.572851479053
world : 0.546846270561
mountain : 0.517838716507
