nature : 0.94434940815
water : 0.941533625126
tree : 0.821913480759
mountain : 0.797523856163
waterfall : 0.78608494997
snow : 0.783184587955
sky : 0.700014829636
water feature : 0.68229585886
watercourse : 0.671604335308
winter : 0.663081288338
