dune : 0.883419156075
erg : 0.876731514931
aeolian landform : 0.876503825188
sky : 0.868132412434
singing sand : 0.866274297237
sand : 0.850882649422
desert : 0.729638338089
ecoregion : 0.714814722538
geological phenomenon : 0.714443266392
horizon : 0.702212750912
