sky : 0.877146780491
sand : 0.822861075401
horizon : 0.769461154938
calm : 0.751152515411
morning : 0.743958830833
sea : 0.734379947186
dawn : 0.71400642395
sunset : 0.701387584209
dune : 0.692359745502
sunrise : 0.68672555685
