nature : 0.944514989853
tree : 0.928214728832
ecosystem : 0.911772310734
forest : 0.899732470512
wilderness : 0.895598173141
woodland : 0.894225656986
vegetation : 0.886985123158
path : 0.845374166965
deciduous : 0.813119053841
spruce fir forest : 0.799393355846
