reflection : 0.965538680553
nature : 0.961047172546
mountain : 0.947171866894
wilderness : 0.934088170528
sky : 0.931634187698
mountainous landforms : 0.93132686615
water : 0.929443717003
mount scenery : 0.914862334728
highland : 0.912317633629
lake : 0.870046973228
