yellow : 0.949546456337
leaf : 0.913935661316
woody plant : 0.877019047737
tree : 0.869432747364
plant : 0.841750741005
sky : 0.826062738895
wall : 0.791503846645
flora : 0.753913998604
spring : 0.709160745144
flower : 0.7070774436
