yellow : 0.948155522346
leaf : 0.908524394035
tree : 0.875491857529
sky : 0.853794813156
flora : 0.783946216106
plant : 0.774743080139
spring : 0.666043639183
grass : 0.611971616745
autumn : 0.601654529572
shrub : 0.57297283411
