green : 0.978442251682
light : 0.818216562271
font : 0.554093956947
