tree : 0.844713747501
fauna : 0.828283011913
leaf : 0.769377231598
sunlight : 0.672992944717
wildlife : 0.617675185204
forest : 0.615341842175
grass : 0.557127952576
fence : 0.508638858795
