water : 0.965863823891
body of water : 0.933941721916
water resources : 0.851872265339
watercourse : 0.817100226879
leaf : 0.764483034611
water feature : 0.731275200844
waterfall : 0.705756425858
tree : 0.655308783054
grass : 0.640476942062
river : 0.627282440662
