nature : 0.953693389893
leaf : 0.938678920269
yellow : 0.935175120831
tree : 0.877693474293
woody plant : 0.872049152851
sky : 0.799432039261
plant : 0.793706774712
sign : 0.755604922771
signage : 0.75515627861
branch : 0.588121294975
