green : 0.978231012821
text : 0.933175563812
font : 0.815590083599
logo : 0.721676111221
computer wallpaper : 0.673343479633
area : 0.672009587288
product : 0.66845613718
graphics : 0.619916260242
screenshot : 0.611570417881
graphic design : 0.594552874565
