yellow : 0.908956229687
sky : 0.884207010269
sign : 0.860707759857
signage : 0.845829725266
traffic sign : 0.76232945919
street sign : 0.707308411598
line : 0.700676441193
