rat : 0.966152012348
gerbil : 0.96360963583
black : 0.953438401222
black and white : 0.951167345047
mouse : 0.949414253235
muridae : 0.935743808746
muroidea : 0.931724011898
mammal : 0.925900816917
monochrome photography : 0.901284039021
whiskers : 0.897611677647
