black and white : 0.943349063396
sheep : 0.933706521988
sheep : 0.901868164539
monochrome photography : 0.888180196285
herd : 0.876293420792
fauna : 0.81709343195
monochrome : 0.780369341373
pasture : 0.773957431316
wildlife : 0.762086927891
grazing : 0.749834656715
