black and white : 0.836786925793
font : 0.725053429604
line : 0.706640779972
technology : 0.67603045702
design : 0.652557551861
angle : 0.648101210594
monochrome : 0.628617286682
pattern : 0.582529604435
symbol : 0.564294934273
triangle : 0.554440021515
