tree : 0.972422599792
nature : 0.948981583118
woody plant : 0.927226245403
flora : 0.905590713024
leaf : 0.864600241184
plant : 0.841107726097
biome : 0.721957206726
forest : 0.71486479044
branch : 0.671547353268
symmetry : 0.647286713123
