wildlife : 0.946602463722
fauna : 0.943977534771
whiskers : 0.926586568356
mammal : 0.926027417183
red fox : 0.915439844131
fox : 0.889486372471
terrestrial animal : 0.816876888275
leaf : 0.789641141891
snout : 0.776430666447
dhole : 0.744812190533
