water : 0.963990092278
reflection : 0.862648010254
fauna : 0.806366026402
grass : 0.644640445709
tree : 0.629822313786
wildlife : 0.622275948524
plant : 0.584060430527
pond : 0.575213134289
