reflection : 0.975777924061
water : 0.961581349373
sky : 0.945228993893
atmosphere of earth : 0.792676568031
phenomenon : 0.754764914513
calm : 0.708200931549
sea : 0.661669015884
cloud : 0.624843358994
