grassland : 0.950369954109
sheep : 0.94371932745
pasture : 0.904790818691
sheep : 0.891669094563
grazing : 0.86769002676
grass : 0.865339636803
meadow : 0.74322450161
livestock : 0.657925307751
cow goat family : 0.622461020947
field : 0.574971973896
