wildlife : 0.973283529282
mammal : 0.925311684608
fauna : 0.881578743458
tiger : 0.879414379597
wilderness : 0.858230292797
tree : 0.783280491829
big cats : 0.782141447067
grass : 0.73268455267
whiskers : 0.713629603386
snout : 0.700558841228
