wildlife : 0.980200350285
tiger : 0.966829717159
mammal : 0.926399588585
fauna : 0.888558626175
wilderness : 0.883372962475
terrestrial animal : 0.864746391773
grass : 0.846850633621
whiskers : 0.824500381947
big cats : 0.810754477978
snout : 0.750767529011
