mammal : 0.924254834652
vertebrate : 0.903703689575
dog like mammal : 0.874166846275
dog : 0.865475475788
dog breed group : 0.74467164278
dog breed : 0.739436149597
snout : 0.670615911484
companion dog : 0.604277074337
carnivoran : 0.548629403114
fur : 0.515612006187
