light : 0.83336943388
reflection : 0.825786530972
wood : 0.726966977119
design : 0.695342898369
tartan : 0.694711327553
line : 0.689928352833
textile : 0.684660494328
window : 0.682165503502
pattern : 0.63460713625
angle : 0.547469615936
