grassland : 0.96968537569
sheep : 0.966372311115
sheep : 0.952410638332
pasture : 0.933737814426
grazing : 0.923213064671
ecosystem : 0.920188069344
grass : 0.829719662666
meadow : 0.804511129856
livestock : 0.797811210155
cow goat family : 0.791907727718
