tiger : 0.986690461636
wildlife : 0.974442183971
mammal : 0.926487624645
fauna : 0.880712211132
big cats : 0.821208953857
grass : 0.798721671104
terrestrial animal : 0.782036960125
cat like mammal : 0.769745647907
organism : 0.717839598656
whiskers : 0.716677963734
