water : 0.968602597713
reflection : 0.963589608669
nature : 0.942104458809
leaf : 0.896494925022
tree : 0.885686397552
woodland : 0.872330963612
vegetation : 0.87184971571
deciduous : 0.813972532749
forest : 0.798901379108
path : 0.794979929924
