nature : 0.963665187359
reflection : 0.960959136486
water : 0.960910856724
sky : 0.93599820137
wilderness : 0.91918951273
river : 0.904212832451
bank : 0.89952725172
tree : 0.897857010365
lake : 0.896112203598
mount scenery : 0.847329378128
