coral reef : 0.959733307362
reef : 0.955287158489
sea : 0.938608527184
coral : 0.918430626392
ecosystem : 0.896100580692
underwater : 0.891565620899
marine biology : 0.856631457806
stony coral : 0.836052954197
water : 0.766837120056
ocean : 0.748075067997
