black : 0.959028840065
black and white : 0.95009458065
monochrome photography : 0.926924169064
sky : 0.885403454304
photography : 0.831646740437
atmosphere : 0.816221117973
monochrome : 0.786604225636
landscape : 0.678534805775
horizon : 0.670892715454
cloud : 0.649638950825
