reflection : 0.969784677029
sky : 0.969051063061
nature : 0.956429004669
black and white : 0.948548913002
cloud : 0.927596628666
monochrome photography : 0.926864504814
water : 0.908781528473
atmosphere : 0.862016499043
tree : 0.854455292225
photography : 0.841685593128
