black : 0.959066450596
black and white : 0.950483083725
nature : 0.948900222778
sky : 0.943248331547
monochrome photography : 0.92865717411
atmosphere : 0.877763688564
water : 0.841526508331
photography : 0.824382245541
tree : 0.811947107315
darkness : 0.807066917419
