text : 0.883476555347
font : 0.789278447628
product : 0.750550508499
logo : 0.709181129932
brand : 0.6593567729
signage : 0.643019258976
computer wallpaper : 0.615437150002
graphics : 0.579107284546
darkness : 0.544715940952
number : 0.513318896294
