light : 0.817728936672
photography : 0.80109500885
close up : 0.798641622066
phenomenon : 0.754764914513
sunlight : 0.67261993885
sky : 0.556931078434
pattern : 0.54545122385
texture : 0.54462069273
black and white : 0.537653446198
grass : 0.526026844978
