tree : 0.93961763382
flora : 0.893539845943
mode of transport : 0.875075697899
ecosystem : 0.873588144779
leaf : 0.799879670143
phenomenon : 0.754764914513
branch : 0.691650211811
biome : 0.686552345753
plant : 0.662724494934
membrane winged insect : 0.649521768093
