blue : 0.968353688717
text : 0.860997378826
line : 0.768946826458
phenomenon : 0.754764914513
atmosphere : 0.719483435154
font : 0.690682113171
sky : 0.678846538067
material : 0.611427485943
angle : 0.571097075939
product : 0.516488552094
