nature : 0.960950195789
waterway : 0.950289845467
water resources : 0.915045320988
ecosystem : 0.9133887887
lake : 0.838026702404
water : 0.816228866577
photography : 0.789710044861
mount scenery : 0.766181349754
sky : 0.75554484129
reservoir : 0.755288720131
