water : 0.959178984165
ecosystem : 0.88649970293
mode of transport : 0.875249683857
sky : 0.872393250465
grass : 0.762070000172
phenomenon : 0.754764914513
tree : 0.698476672173
plant : 0.697697460651
grass family : 0.589142978191
