blue : 0.968392312527
green : 0.941455364227
sky : 0.892228066921
azure : 0.816907525063
atmosphere : 0.709497392178
computer wallpaper : 0.695792794228
line : 0.695242345333
font : 0.55712223053
angle : 0.542882621288
