erg : 0.958034515381
sky : 0.949675500393
horizon : 0.911679983139
singing sand : 0.884035289288
sand : 0.883448660374
dune : 0.879390597343
aeolian landform : 0.876819729805
desert : 0.855716645718
morning : 0.818044543266
sahara : 0.808651864529
