sky : 0.973963856697
horizon : 0.967087090015
atmosphere : 0.919076144695
sunrise : 0.883979856968
dawn : 0.879937171936
morning : 0.877711892128
atmosphere of earth : 0.819345414639
light : 0.818034112453
dusk : 0.81793910265
sand : 0.79995149374
