sky : 0.93741697073
horizon : 0.924404680729
atmosphere : 0.893588662148
morning : 0.835496127605
reflection : 0.830504596233
light : 0.829005360603
atmosphere of earth : 0.813955068588
dawn : 0.771009922028
water : 0.752832591534
close up : 0.750476717949
