yellow : 0.908473551273
light : 0.817990839481
sunlight : 0.695627868176
wood : 0.68888002634
texture : 0.580097079277
tree : 0.572318077087
pattern : 0.522213578224
