tree : 0.923379361629
leaf : 0.802270948887
forest : 0.779054224491
biome : 0.700127184391
sunlight : 0.65300399065
woodland : 0.638362526894
deciduous : 0.611827909946
trunk : 0.602935373783
old growth forest : 0.577505946159
plant : 0.568595588207
