reflection : 0.971686005592
water : 0.968330085278
sky : 0.913648605347
water resources : 0.801076948643
sunlight : 0.63642513752
cloud : 0.629679858685
river : 0.59583812952
landscape : 0.578984022141
grass : 0.558665215969
tree : 0.540749371052
