blue : 0.968353509903
sky : 0.896023750305
reflection : 0.888088643551
light : 0.832901418209
atmosphere : 0.803180217743
daytime : 0.696916103363
line : 0.682742357254
computer wallpaper : 0.600405395031
texture : 0.543802678585
