nature : 0.947372794151
waterway : 0.884364902973
water resources : 0.853534698486
nature reserve : 0.85048443079
mount scenery : 0.849636077881
reflection : 0.845685839653
fjord : 0.82988256216
lake : 0.825916707516
water : 0.769081890583
highland : 0.741067349911
