blue : 0.968391478062
green : 0.956921219826
sky : 0.851879239082
light : 0.840900540352
azure : 0.812437653542
atmosphere : 0.790368616581
close up : 0.761026322842
underwater : 0.731488108635
line : 0.704036712646
sunlight : 0.702621221542
