green : 0.965110421181
light : 0.844594061375
atmosphere : 0.79487735033
reflection : 0.758682727814
phenomenon : 0.754764914513
grass : 0.745825707912
sunlight : 0.740495800972
line : 0.674521923065
tree : 0.634114146233
texture : 0.600636124611
