mammal : 0.923435151577
fauna : 0.881960213184
wildlife : 0.836337983608
tree : 0.785662829876
grass : 0.747835040092
snout : 0.541996836662
plant : 0.519904077053
