wildlife : 0.968979656696
black : 0.958032429218
black and white : 0.95490270853
monochrome photography : 0.932730972767
mammal : 0.925930857658
fauna : 0.92320561409
whiskers : 0.865539669991
photography : 0.845271885395
snout : 0.833783090115
atmosphere : 0.816045463085
