reflection : 0.812937378883
wood : 0.736725747585
water : 0.664162218571
cage : 0.597589433193
grass : 0.555677950382
flooring : 0.552116274834
fence : 0.534320414066
