reflection : 0.977525651455
water : 0.905246913433
wood : 0.871996819973
light : 0.855512142181
wall : 0.832385361195
floor : 0.760439276695
sunlight : 0.734041512012
lighting : 0.724404990673
line : 0.70066845417
flooring : 0.696162045002
