blue : 0.968397021294
red : 0.965500235558
photograph : 0.950400590897
yellow : 0.936619699001
mammal : 0.923574626446
vertebrate : 0.903703689575
nose : 0.868330597878
close up : 0.862993121147
sky : 0.859241068363
atmosphere : 0.836316406727
