gerbil : 0.95831823349
fauna : 0.940076649189
mammal : 0.926012337208
hamster : 0.92247068882
mouse : 0.917830109596
muridae : 0.909199357033
muroidea : 0.90307611227
rat : 0.852265655994
whiskers : 0.824011921883
rodent : 0.801861941814
