gerbil : 0.961445271969
fauna : 0.94105899334
mouse : 0.939856529236
mammal : 0.926901996136
hamster : 0.920793354511
vertebrate : 0.903703629971
muroidea : 0.902535796165
muridae : 0.898735225201
whiskers : 0.898015797138
rat : 0.86242389679
