grassland : 0.969734847546
pasture : 0.956115961075
field : 0.917257726192
sheep : 0.91551142931
grass : 0.913292825222
grazing : 0.910825252533
sheep : 0.889045238495
farm : 0.879026770592
meadow : 0.785471498966
livestock : 0.766356468201
