green : 0.974615335464
player : 0.946916222572
football : 0.938505351543
grass : 0.936174690723
atmosphere : 0.910575330257
sport venue : 0.889963746071
net : 0.887506663799
lawn : 0.875602900982
field : 0.856580793858
ball : 0.841017723083
