sheep : 0.960649251938
grassland : 0.958929121494
pasture : 0.933555245399
sheep : 0.925781905651
grazing : 0.915192902088
grass : 0.838860869408
field : 0.770096302032
livestock : 0.757928311825
meadow : 0.731696546078
farm : 0.730574309826
