wildlife : 0.985588848591
tiger : 0.975195705891
terrestrial animal : 0.951814234257
mammal : 0.926497459412
wilderness : 0.900995254517
fauna : 0.893909454346
big cats : 0.817530035973
whiskers : 0.752686321735
cat like mammal : 0.723964214325
grass : 0.688383281231
