wildlife : 0.973824322224
fauna : 0.934129416943
mammal : 0.926841378212
vertebrate : 0.903703689575
cat like mammal : 0.841794908047
tiger : 0.80660879612
grass : 0.769077062607
big cats : 0.751542568207
organism : 0.694965362549
carnivoran : 0.676654577255
