green : 0.938858151436
fauna : 0.871181845665
pattern : 0.694121003151
grass : 0.629126608372
cage : 0.606743633747
tree : 0.587093174458
fence : 0.556752681732
wildlife : 0.550523817539
symmetry : 0.52434784174
grass family : 0.522095382214
