sky : 0.801862895489
desert : 0.776061475277
aeolian landform : 0.775240957737
erg : 0.762501120567
sand : 0.746422171593
ecoregion : 0.708217680454
landscape : 0.66610366106
sahara : 0.615097343922
dune : 0.60262387991
