singing sand : 0.940569937229
erg : 0.931517660618
aeolian landform : 0.92088830471
desert : 0.920869469643
dune : 0.879934430122
sand : 0.869151771069
sky : 0.835475027561
sahara : 0.810949265957
landscape : 0.77523034811
ecoregion : 0.714648663998
