tree : 0.974625885487
nature : 0.943000257015
woody plant : 0.936673045158
grove : 0.851607263088
forest : 0.849573194981
woodland : 0.843225598335
black and white : 0.84118193388
plant : 0.812767505646
branch : 0.737075984478
sky : 0.731650114059
