reef : 0.924748539925
coral reef : 0.835195362568
sky : 0.827083468437
underwater : 0.656631469727
organism : 0.644811630249
rock : 0.630119800568
tree : 0.610617339611
marine biology : 0.597697556019
coral : 0.581366121769
marine invertebrates : 0.547878324986
