tree : 0.947431385517
woody plant : 0.908271729946
grass : 0.822030305862
sky : 0.758949577808
plant : 0.729472756386
biome : 0.716076254845
landscape : 0.627099454403
