metropolitan area : 0.977185428143
skyscraper : 0.968875050545
landmark : 0.964907824993
metropolis : 0.950509190559
tower : 0.923987269402
city : 0.920383095741
building : 0.910298645496
skyline : 0.908342480659
urban area : 0.88848310709
spire : 0.839841783047
