text : 0.893732070923
product : 0.658553779125
brand : 0.616782069206
font : 0.613737344742
website : 0.588673055172
advertising : 0.560188353062
angle : 0.542420208454
black and white : 0.539598703384
editing : 0.501546978951
