black : 0.959590196609
black and white : 0.94101524353
reflection : 0.932464420795
monochrome photography : 0.899756133556
architecture : 0.853980481625
darkness : 0.850914418697
light : 0.832658946514
structure : 0.814110159874
photography : 0.798672795296
metropolis : 0.793557286263
