black : 0.959824204445
black and white : 0.951590240002
monochrome photography : 0.926012098789
photography : 0.841423749924
monochrome : 0.787330150604
sky : 0.786163806915
atmosphere : 0.782190084457
reflection : 0.765106856823
phenomenon : 0.754764914513
darkness : 0.746146917343
