black and white : 0.922251284122
monochrome photography : 0.810037970543
monochrome : 0.76965624094
line : 0.675430595875
triangle : 0.643293738365
font : 0.614567518234
angle : 0.582338750362
square : 0.579876303673
symmetry : 0.564801037312
circle : 0.550763309002
