leaf : 0.888434588909
fauna : 0.860059440136
art : 0.740832090378
sky : 0.725401699543
tree : 0.695746839046
house : 0.662244915962
grass : 0.579300224781
facade : 0.521044909954
pattern : 0.511575222015
