yellow : 0.935006797314
leaf : 0.780929267406
close up : 0.751512289047
sunlight : 0.749615252018
sky : 0.573916971684
grass : 0.5086119771
