leaf : 0.899994432926
fauna : 0.83853662014
art : 0.693328261375
textile : 0.677414834499
sky : 0.587089121342
pattern : 0.578528285027
tree : 0.562607645988
