green : 0.971230626106
light : 0.854082882404
lighting : 0.781745970249
display device : 0.703006267548
font : 0.618483126163
computer wallpaper : 0.598991751671
graphics : 0.521645188332
square : 0.51867890358
