green : 0.968527674675
signage : 0.803441166878
sign : 0.754209160805
house numbering : 0.684498786926
number : 0.634220302105
font : 0.629657685757
vehicle registration plate : 0.612120985985
automotive exterior : 0.573233366013
brand : 0.572614789009
street sign : 0.500078976154
