yellow : 0.954247653484
nature : 0.942509829998
sky : 0.904287338257
light : 0.819497942924
phenomenon : 0.754764914513
sunlight : 0.683480739594
energy : 0.632889807224
symmetry : 0.590051829815
signage : 0.50845515728
sign : 0.500042915344
