blue : 0.968182444572
yellow : 0.927846431732
energy : 0.861191034317
atmosphere : 0.849815368652
light : 0.826688885689
sky : 0.742563724518
symmetry : 0.704743921757
sunlight : 0.688920497894
line : 0.658394515514
computer wallpaper : 0.630472421646
