blue : 0.968325376511
red : 0.96113306284
sky : 0.924117565155
landmark : 0.92064499855
reflection : 0.871704757214
light : 0.852271080017
architecture : 0.844227969646
metropolis : 0.832388699055
daytime : 0.831524312496
structure : 0.809766173363
