sky : 0.938936948776
stop sign : 0.853296935558
signage : 0.84075152874
daytime : 0.767561018467
advertising : 0.675706505775
flag : 0.671933174133
street sign : 0.671327590942
sign : 0.621080338955
traffic sign : 0.580015182495
