landmark : 0.891156315804
cloud : 0.854478359222
archaeological site : 0.811611831188
historic site : 0.81121134758
sky : 0.801462233067
monument : 0.757390320301
phenomenon : 0.754764914513
grass : 0.707121789455
monolith : 0.646716177464
tree : 0.644405663013
