landmark : 0.935447692871
sky : 0.876540660858
mode of transport : 0.875152170658
grass : 0.796033024788
skyline : 0.79449814558
structure : 0.792530238628
residential area : 0.786231577396
phenomenon : 0.754764914513
skyscraper : 0.732857167721
tree : 0.680680274963
