sky : 0.931594669819
atmosphere : 0.762217104435
phenomenon : 0.754764914513
grass : 0.719145715237
line : 0.696089506149
cloud : 0.612160682678
grass family : 0.590974450111
