line : 0.734403371811
sky : 0.645815551281
angle : 0.608868181705
font : 0.565077543259
pattern : 0.506772875786
