text : 0.850117206573
line : 0.753927886486
font : 0.66127038002
design : 0.653497159481
angle : 0.599037945271
square : 0.566286444664
product : 0.52661883831
pattern : 0.519439935684
rectangle : 0.518799245358
