mode of transport : 0.875227272511
sky : 0.827439904213
line : 0.750711977482
material : 0.620015323162
grass : 0.60872066021
angle : 0.546704292297
font : 0.525380671024
