blue : 0.968352615833
sky : 0.847035706043
line : 0.684156298637
energy : 0.530081570148
computer wallpaper : 0.519958674908
