landmark : 0.951221942902
tower : 0.944921731949
sky : 0.879483103752
spire : 0.855461120605
steeple : 0.834375500679
tourist attraction : 0.660715460777
building : 0.617020368576
city : 0.606979012489
place of worship : 0.585115492344
tree : 0.526982784271
