green : 0.979223191738
text : 0.860166490078
font : 0.645060002804
number : 0.569681882858
signage : 0.565636694431
