orange : 0.804980456829
reflection : 0.771129310131
water : 0.733417034149
sky : 0.520949363708
