yellow : 0.935670316219
triangle : 0.615630805492
sky : 0.53743571043
