sky : 0.94689065218
yellow : 0.946793854237
nature : 0.943819642067
tree : 0.909660518169
woody plant : 0.886556982994
leaf : 0.851630330086
pole : 0.653390586376
plant : 0.629324376583
grass : 0.61638379097
conifer : 0.53374928236
