yellow : 0.952792108059
sky : 0.925311744213
sign : 0.820783019066
traffic sign : 0.815111041069
signage : 0.757601678371
tree : 0.705113172531
pole : 0.626154661179
street sign : 0.5458548069
grass : 0.521171867847
