sky : 0.931693375111
daytime : 0.855011880398
leaf : 0.761279523373
tree : 0.71898239851
flag : 0.596143603325
plant : 0.548496305943
