sky : 0.971095442772
tree : 0.808841764927
daytime : 0.786156773567
leaf : 0.783343136311
cloud : 0.537410080433
