sky : 0.859564781189
black and white : 0.788856685162
line : 0.680085897446
skyline : 0.64944422245
city : 0.571639418602
energy : 0.525305330753
