skyscraper : 0.939229667187
skyline : 0.924725830555
city : 0.923733353615
landmark : 0.90801525116
mode of transport : 0.875004827976
sky : 0.864371716976
metropolis : 0.821011245251
urban area : 0.810579538345
photography : 0.785762727261
building : 0.779502809048
