landmark : 0.951659440994
green : 0.942436754704
ecosystem : 0.90402585268
mode of transport : 0.875256419182
structure : 0.862292170525
residential area : 0.847632884979
grass : 0.836273431778
plant : 0.755896925926
phenomenon : 0.754764914513
biome : 0.710287392139
