black : 0.953534245491
text : 0.867990851402
line : 0.745267093182
font : 0.704735994339
angle : 0.617785692215
square : 0.539971530437
rectangle : 0.520258247852
computer wallpaper : 0.517496466637
pattern : 0.514781594276
texture : 0.510999977589
