blue : 0.968149244785
text : 0.874442875385
line : 0.737388253212
square : 0.662869334221
font : 0.623923301697
angle : 0.578011393547
