red : 0.969783902168
green : 0.951081752777
text : 0.922560334206
mode of transport : 0.875256538391
light : 0.830076277256
phenomenon : 0.754764914513
close up : 0.749209344387
play : 0.738304018974
grass : 0.732708930969
sky : 0.695363759995
