line : 0.775101900101
font : 0.671629726887
angle : 0.618322312832
pattern : 0.546886861324
