rat : 0.958738565445
mouse : 0.954928457737
mammal : 0.926713347435
gerbil : 0.917655289173
muroidea : 0.905413866043
vertebrate : 0.903703629971
muridae : 0.903683483601
head : 0.858648836613
fauna : 0.82605355978
rodent : 0.783197999001
