black : 0.958180189133
nature : 0.954270541668
black and white : 0.950037002563
sky : 0.939260363579
tree : 0.913902342319
monochrome photography : 0.90915197134
woody plant : 0.888254880905
leaf : 0.805781066418
monochrome : 0.778836786747
silhouette : 0.653854250908
