text : 0.897330999374
font : 0.865195393562
logo : 0.795187354088
product : 0.790645003319
brand : 0.660151302814
computer wallpaper : 0.644712626934
graphics : 0.60522967577
symbol : 0.571238338947
product : 0.552079439163
black and white : 0.543461918831
