green : 0.981009781361
grass : 0.835184514523
line : 0.777107954025
font : 0.634914636612
angle : 0.572522819042
graphics : 0.502382516861
