sheep : 0.971009373665
sheep : 0.969604194164
pasture : 0.95710593462
grassland : 0.956056594849
grass : 0.944599509239
mammal : 0.92664283514
ecosystem : 0.907830536366
vertebrate : 0.903703689575
mode of transport : 0.875218629837
grazing : 0.817778229713
