yellow : 0.951916992664
orange : 0.834645092487
line : 0.766199111938
triangle : 0.729942262173
signage : 0.708051919937
area : 0.672009587288
sign : 0.670974612236
square : 0.648480057716
pattern : 0.613862037659
font : 0.612158894539
