blue : 0.968078076839
mode of transport : 0.874836623669
sky : 0.833113789558
technology : 0.755973756313
signage : 0.708837032318
advertising : 0.664348483086
graphics : 0.605355799198
computer wallpaper : 0.589555025101
font : 0.576811611652
car : 0.566931664944
