white : 0.958458244801
black : 0.950772881508
dog : 0.926258862019
mammal : 0.925747215748
dog like mammal : 0.920910596848
vertebrate : 0.903703689575
black and white : 0.895753920078
infrastructure : 0.874803364277
road : 0.844963431358
street : 0.802222132683
