sky : 0.943726658821
black and white : 0.942711651325
tree : 0.940946996212
monochrome photography : 0.902613043785
woody plant : 0.880805552006
tower : 0.787506401539
monochrome : 0.763505101204
spire : 0.742762565613
winter : 0.721529722214
plant : 0.679623425007
