tree : 0.923606812954
sky : 0.921871304512
winter : 0.901425004005
freezing : 0.855632603168
frost : 0.808318257332
snow : 0.746027350426
water : 0.726205945015
pine family : 0.585288226604
fir : 0.577633500099
plant : 0.569154798985
