winter : 0.950455129147
tree : 0.941143751144
sky : 0.935725212097
skyscraper : 0.90036547184
city : 0.847591221333
freezing : 0.846357762814
urban area : 0.84339761734
snow : 0.833489537239
frost : 0.817983925343
tower block : 0.792966663837
