nature : 0.947391748428
landmark : 0.938353836536
sky : 0.929071962833
tree : 0.852043271065
daytime : 0.829746544361
architecture : 0.811380922794
grass : 0.750036478043
tourist attraction : 0.685539960861
biome : 0.670794963837
plant : 0.66262948513
