car : 0.831040978432
wall : 0.797511339188
flag : 0.756131649017
mural : 0.668815076351
graffiti : 0.666431307793
art : 0.607659220695
street art : 0.605521023273
street : 0.59165930748
