water : 0.944464862347
reflection : 0.936526656151
pagoda : 0.86139947176
tree : 0.857600092888
sky : 0.807758688927
hindu temple : 0.780511677265
tourist attraction : 0.767920851707
temple : 0.723380446434
temple : 0.649790227413
river : 0.58999055624
