tower : 0.960754215717
landmark : 0.951165556908
nature : 0.94955176115
sky : 0.946724236012
tree : 0.944428026676
woody plant : 0.896342635155
leaf : 0.883278548717
spire : 0.840278863907
tourist attraction : 0.827653825283
spruce : 0.678527295589
